0 466342 392709 331348 208627 245443 282260 184082 184082 110449 2208988 1104494 306804 859051 1411298 613608 355892 368165 337484 319076 
466342 0 175564 148132 93268 109727 126187 82296 82296 49377 987547 493774 137159 384046 630933 274319 159105 164591 150875 142646 
392709 175564 0 124743 78542 92402 106262 69302 69302 41581 831619 415809 115503 323407 531312 231005 133983 138603 127053 120123 
331348 148132 124743 0 66270 77964 89659 58473 58473 35084 701678 350839 97455 272875 448295 194911 113048 116946 107201 101354 
208627 93268 78542 66270 0 49089 56452 36816 36816 22090 441798 220899 61361 171810 282260 122722 71178 73633 67497 63815 
245443 109727 92402 77964 49089 0 66414 43313 43313 25988 519762 259881 72189 202130 332070 144378 83739 86627 79408 75077 
282260 126187 106262 89659 56452 66414 0 49811 49811 29886 597726 298863 83018 232449 381881 166035 96300 99621 91319 86338 
184082 82296 69302 58473 36816 43313 49811 0 32485 19491 389821 194911 54142 151597 249053 108284 62805 64970 59556 56308 
184082 82296 69302 58473 36816 43313 49811 32485 0 19491 389821 194911 54142 151597 249053 108284 62805 64970 59556 56308 
110449 49377 41581 35084 22090 25988 29886 19491 19491 0 233893 116946 32485 90958 149432 64970 37683 38982 35734 33785 
2208988 987547 831619 701678 441798 519762 597726 389821 389821 233893 0 2338928 649702 1819166 2988630 1299404 753655 779643 714672 675690 
1104494 493774 415809 350839 220899 259881 298863 194911 194911 116946 2338928 0 324851 909583 1494315 649702 376827 389821 357336 337845 
306804 137159 115503 97455 61361 72189 83018 54142 54142 32485 649702 324851 0 252662 415088 180473 104674 108284 99260 93846 
859051 384046 323407 272875 171810 202130 232449 151597 151597 90958 1819166 909583 252662 0 1162245 505324 293088 303194 277928 262768 
1411298 630933 531312 448295 282260 332070 381881 249053 249053 149432 2988630 1494315 415088 1162245 0 830175 481502 498105 456596 431691 
613608 274319 231005 194911 122722 144378 166035 108284 108284 64970 1299404 649702 180473 505324 830175 0 209348 216567 198520 187692 
355892 159105 133983 113048 71178 83739 96300 62805 62805 37683 753655 376827 104674 293088 481502 209348 0 125609 115142 108861 
368165 164591 138603 116946 73633 86627 99621 64970 64970 38982 779643 389821 108284 303194 498105 216567 125609 0 119112 112615 
337484 150875 127053 107201 67497 79408 91319 59556 59556 35734 714672 357336 99260 277928 456596 198520 115142 119112 0 103230 
319076 142646 120123 101354 63815 75077 86338 56308 56308 33785 675690 337845 93846 262768 431691 187692 108861 112615 103230 0 
